0
0
0
0
0
0
0
0
0
0
0
0
0
0
0
0
0
0
0
0
0
0
0
0
0
0
0
0
0
0
0
0
0
0
0
0
0
0
11.149
11.136
11.097
11.045
10.974
10.853
10.727
10.581
10.232
9.4005
8.1442
7.3365
6.8592
6.6307
6.4569
6.2932
6.2014
6.1507
6.1257
6.1759
6.3265
6.5175
6.6375
6.7487
6.8373
6.9506
7.0526
7.1575
7.4284
7.613
7.9902
8.8603
9.0063
9.0404
9.0998
9.2056
9.3211
9.4454
9.4905
9.5024
9.4999
9.5208
9.5013
9.509
9.5548
9.5086
9.4985
9.5172
9.4906
9.414
8.9427
8.6401
8.5861
8.5158
8.6915
9.0266
9.9685
12.732
18.756
23.541
26.008
27.236
27.524
27.616
27.661
27.901
28.294
28.493
28.826
29.16
29.507
29.774
29.977
30.159
30.463
30.708
30.897
30.993
31.003
30.739
30.675
30.876
31.35
32.133
32.97
33.87
34.693
35.52
36.477
37.425
38.276
38.502
39.187
39.479
39.609
39.934
40.176
40.29
40.343
40.414
40.496
40.506
40.464
40.369
40.248
40.071
39.834
39.751
39.688
39.521
38.998
38.759
37.826
36.683
35.642
35.147
34.17
32.723
31.303
29.831
29.545
30.527
31.9
32.66
32.929
32.922
32.915
32.901
32.889
32.885
32.882
32.881
32.879
32.872
32.858
32.867
32.918
32.859
32.695
32.515
31.971
30.963
29.064
26.478
23.984
23.875
24.455
25.246
26.149
26.975
27.524
27.893
28.222
28.452
28.55
28.639
28.629
28.646
28.647
28.645
28.64
28.631
28.557
28.485
28.456
28.448
28.441
28.414
28.355
28.202
27.84
27.442
26.91
25.795
24.265
22.44
19.173
15.248
12.647
11.939
11.879
11.871
11.858
11.839
11.698
11.381
10.976
10.471
10.16
9.8767
9.7734
9.6949
9.6843
10.414
12.861
17.411
20.088
21.526
22.582
23.298
23.733
24.157
24.365
24.549
24.728
24.872
25.112
25.314
25.32
25.321
25.321
25.322
25.324
25.324
25.257
25.119
24.816
24.345
23.928
23.67
23.549
23.456
23.454
23.56
23.688
23.695
23.734
23.511
23.498
23.644
24.601
26.6
29.017
30.557
31.419
31.832
32.126
32.272
32.437
32.608
32.703
32.705
32.69
32.663
32.623
32.723
33.078
33.466
34.316
35.224
35.792
35.908
35.818
35.652
35.528
35.442
35.342
35.229
35.074
34.859
34.685
34.611
34.76
35.099
35.539
35.974
36.328
36.792
36.873
36.619
36.216
35.891
35.724
35.711
35.726
35.73
35.732
35.734
35.735
35.735
35.736
35.708
35.568
35.342
35.048
34.219
33.047
32.042
31.53
31.327
32.339
34.508
35.688
35.891
35.947
36
36.076
36.244
36.398
36.405
36.403
36.401
36.401
36.4
36.4
36.394
36.393
36.392
36.376
36.261
36.009
35.135
34.328
33.776
32.847
31.719
30.778
29.755
28.609
28.397
28.399
28.4
28.425
28.688
29.182
29.673
30.042
30.284
30.405
30.729
30.474
30.314
30.135
29.965
29.823
30.054
30.163
30.175
30.131
30.068
30.043
30.025
30.009
30.172
31.03
32.093
33.259
33.794
34.051
34.447
34.84
34.924
34.894
34.843
34.659
34.451
34.429
34.399
34.394
34.394
34.394
34.394
34.394
34.386
34.26
34.037
33.889
33.897
33.727
33.358
32.683
32.121
31.705
31.62
31.334
30.95
30.654
30.596
30.55
30.533
30.522
30.527
30.548
30.564
30.522
30.437
29.812
28.607
27.833
26.817
25.736
24.652
23.109
21.511
20.628
20.656
20.983
21.021
21.029
21.039
21.02
20.866
20.969
23.898
26.175
27.266
28.154
28.518
28.657
28.769
28.961
29.293
29.419
29.531
29.782
29.862
29.921
30.013
30.056
30.115
30.159
30.213
30.225
30.163
29.805
29.175
28.655
28.346
28.03
27.773
27.431
26.917
26.487
25.967
25.174
24.665
24.308
23.84
23.009
21.889
20.755
19.009
17.578
16.496
15.077
13.82
13.506
12.887
12.637
12.636
12.765
12.816
12.964
12.993
13.025
13.349
14.082
14.661
14.809
14.883
15.08
15.615
16.516
16.952
17.018
17.02
16.973
16.951
16.983
17.12
17.162
17.119
17.061
17.034
17.01
16.939
16.694
16.492
16.412
16.362
16.243
15.647
14.286
13.185
13.126
13.581
14.009
14.176
14.096
14.065
14.291
14.333
14.289
14.259
14.188
14.099
14.075
14.064
14.059
13.998
13.963
13.971
13.997
13.983
13.862
13.617
13.318
13.037
12.67
11.976
11.031
10.739
10.565
10.542
10.78
11.007
11.087
11.215
11.375
11.621
12.027
12.19
12.297
12.33
12.371
12.384
12.379
12.41
12.298
12.18
12.094
12.008
11.906
11.814
11.709
11.549
11.489
11.385
11.226
10.87
10.035
9.4328
8.9968
8.8056
8.8746
9.1543
9.2375
9.1958
9.1618
9.0811
9.0556
9.0837
9.2027
9.302
9.4922
9.5721
9.4939
9.5848
9.6694
9.7517
9.793
9.8052
9.7887
9.7845
9.7674
9.6738
9.5242
9.7957
10.263
10.592
10.687
10.757
10.918
11.989
19.611
27.323
31.121
33.585
35.116
36.393
36.88
37.114
37.151
37.173
37.19
37.214
37.278
37.298
37.303
37.306
37.309
37.312
37.314
37.314
37.309
37.131
36.735
36.266
35.666
34.697
34.055
33.572
33.245
32.825
31.925
30.642
30.321
30.368
30.376
30.364
30.357
30.349
30.339
30.327
29.935
29.288
29.193
29.099
28.946
28.604
28.275
27.899
27.741
27.851
27.911
28.543
29.12
29.084
29.244
29.428
29.623
29.869
30.029
30.131
30.208
30.312
30.374
30.448
30.461
30.462
30.462
30.296
30.127
29.807
29.692
29.878
30.378
30.828
31.044
31.318
31.142
31.153
31.162
31.194
31.283
31.481
31.711
31.837
31.91
31.903
31.901
31.896
31.878
31.86
31.734
31.593
31.589
31.371
31.024
30.414
29.92
29.988
30.441
32.144
33.982
35.012
35.464
35.67
35.969
36.335
36.434
36.442
36.443
36.441
36.439
36.466
36.522
36.598
36.715
36.74
36.713
36.693
36.781
36.696
36.567
36.231
35.676
34.835
33.987
32.558
31.608
31.375
31.349
31.348
31.352
31.327
31.23
30.903
30.308
30.111
30.107
29.875
29.162
28.701
29.297
30.214
30.796
31.066
31.202
31.34
31.38
31.499
31.608
31.829
32.128
32.519
32.689
32.689
32.688
32.688
32.686
32.668
32.685
32.68
32.613
32.506
32.418
32.282
31.926
31.48
30.937
30.48
30.027
29.238
27.778
24.542
22.912
23.365
24.621
25.515
26.097
26.767
26.828
26.489
26.583
26.704
26.811
26.798
26.783
26.739
26.712
26.705
26.644
26.636
26.636
26.637
26.623
26.448
26.202
25.69
25.411
24.874
23.878
22.913
21.329
19.271
17.337
14.83
12.927
12.147
11.581
11.352
11.339
11.486
11.44
11.364
11.364
11.429
11.348
11.45
11.821
11.885
11.956
11.978
11.952
11.846
11.838
11.821
11.83
11.819
11.784
11.843
12.308
13.367
13.768
13.83
13.833
13.757
13.663
13.383
13.191
13.075
13.037
12.983
12.967
12.932
12.909
12.911
12.918
12.991
13.08
13.053
12.551
11.404
10.229
9.7034
9.4238
9.2548
9.107
9.0718
9.0068
8.9387
8.8697
8.7994
8.7776
8.7196
8.7015
8.7222
8.8228
8.8772
8.832
8.6692
8.6659
8.6351
8.5596
8.5782
8.6971
8.8226
8.8638
8.8576
8.9305
9.2139
9.5217
9.5523
9.651
9.6649
9.6785
9.6974
9.9097
10.226
10.388
10.38
10.511
10.668
10.684
10.718
10.691
10.739
10.719
10.678
10.66
10.648
10.446
10.257
10.219
10.253
10.326
10.282
10.271
10.02
9.8147
10.01
10.143
10.203
10.412
10.344
10.34
10.26
10.277
10.41
10.746
11.053
11.286
11.462
11.638
11.724
11.748
11.751
11.78
11.797
11.785
11.603
11.439
11.364
11.28
11.275
11.282
11.168
10.984
10.84
10.724
10.532
10.251
9.8982
9.4217
9.0465
8.8879
8.8756
8.9074
8.8918
8.8644
8.8335
8.9126
8.9809
10.901
14.811
17.479
20.381
22.545
24.092
25.854
27.549
28.283
28.778
29.027
29.217
29.443
29.742
30.062
30.16
30.16
30.16
30.158
30.158
30.167
30.854
32.571
33.012
33.048
32.993
32.84
32.584
32.435
32.254
32.166
32.241
32.53
32.913
33.129
33.128
33.128
33.163
33.182
33.356
33.529
33.233
32.182
31.828
31.801
31.998
32.17
32.186
32.181
32.184
32.267
32.808
33.722
34.051
34.458
34.945
35.522
35.972
36.319
36.564
37.054
37.774
38.216
38.59
38.916
39.002
39.043
39.048
39.046
39.033
38.984
38.876
38.673
38.517
38.42
38.378
38.337
38.234
38.044
37.928
37.799
37.144
36.6
36.101
35.636
35.33
35.102
35.065
35.066
35.066
35.066
35.066
35.066
35.066
35.065
35.065
35.063
35.033
34.779
33.965
31.801
29.68
28.445
27.576
26.951
26.059
25.321
23.796
22.281
20.84
20.235
22.219
24.923
27.067
28.874
30.996
32.788
33.727
34.208
34.299
34.302
34.302
34.302
34.302
34.301
34.301
34.299
34.291
34.301
34.825
35.678
36.673
37.296
37.62
37.584
37.353
37.182
37.18
37.133
37.11
37.137
37.179
37.19
37.191
37.192
37.193
37.193
37.192
37.153
36.769
35.511
33.798
32.874
31.774
30.66
29.964
29.499
29
28.632
28.519
29.349
31.177
32.17
32.658
32.936
33.284
33.381
33.571
33.916
34.036
34.005
33.815
33.663
33.69
33.698
33.703
33.703
33.702
33.692
33.684
33.604
32.933
32.204
32.026
33.116
34.314
34.93
35.284
35.827
37.115
38.055
38.398
38.47
38.55
38.56
38.56
38.574
38.609
38.609
38.606
38.597
38.597
38.593
38.589
38.529
38.468
38.461
38.407
38.06
37.379
36.176
35.225
34.102
32.562
31.779
31.003
29.871
29.151
29.002
28.982
28.973
28.959
28.881
28.879
29.022
28.923
28.514
27.947
26.974
27.006
27.771
27.931
27.851
27.717
27.59
27.581
27.624
27.572
27.568
27.568
27.609
28.59
30.393
31.351
31.787
32.046
32.399
32.609
32.495
32.427
32.246
32.16
32.223
32.447
32.84
33.174
33.337
33.479
33.603
33.723
33.821
33.662
33.201
32.918
32.582
32.208
31.95
31.656
31.642
31.646
31.647
31.642
31.631
31.433
31.032
30.808
30.514
30.233
29.793
29.248
28.658
28.326
28.773
30.043
31.882
33.315
34.442
34.996
35.468
35.693
35.723
35.726
35.752
35.824
35.901
35.903
35.904
35.912
35.903
35.859
35.803
35.763
35.705
35.585
35.325
34.877
33.727
32.421
31.731
31.364
31.197
31.579
31.838
31.908
31.87
31.985
32.046
32.084
32.109
32.133
32.138
32.132
32.088
32.067
32.008
31.938
31.696
31.393
31.183
30.873
30.212
29.274
28.26
27.075
25.985
24.549
22.548
20.853
19.351
18.152
17.252
16.441
15.861
14.982
14.102
13.49
13.219
13.1
12.951
12.324
11.96
11.83
11.639
11.351
11.186
10.839
10.224
9.5405
9.0908
8.7714
8.5182
7.8867
7.2418
7.063
7.1815
7.1507
7.1094
7.036
7.0013
7.5622
8.1093
8.1767
8.1071
8.0487
7.9689
7.9376
7.9147
7.9281
7.8011
7.7457
7.7189
7.714
7.7485
7.7303
7.659
7.669
7.7095
7.7045
7.4813
6.9807
6.2683
5.939
5.7719
5.631
5.6095
5.623
5.5012
5.448
5.4408
5.5263
5.6693
5.9382
6.1608
6.4319
6.6297
6.6912
6.7334
6.7314
6.7011
6.63
6.5654
6.5354
6.5048
6.4219
6.3527
6.342
6.3182
6.2918
6.2621
6.1892
6.1009
5.9428
5.7559
5.6967
5.6115
5.4769
5.3737
5.3137
5.4101
5.438
5.4693
5.4935
5.4963
5.5185
5.5541
5.697
5.863
6.0001
6.1336
6.2208
6.3391
6.3785
6.3832
6.4316
6.6915
6.6517
6.6585
6.6278
6.6034
6.5995
6.5946
6.5954
6.7557
6.8277
6.9004
6.8651
6.8697
6.9522
7.0071
6.963
7.0084
7.2751
7.6294
7.6886
7.7193
7.8156
7.7654
7.7518
7.7735
7.7716
7.779
7.7727
7.7627
7.7146
7.7505
7.7939
7.8154
7.8327
7.9931
8.1054
8.1149
8.0952
7.9318
7.5521
7.3727
7.2072
7.1469
7.0631
7.0678
7.8653
10.773
13.913
18.382
21.104
22.886
24.442
25.817
26.627
27.178
27.811
28.519
28.593
28.597
28.596
28.596
28.597
28.597
28.616
28.676
28.688
28.734
28.947
29.253
30.591
33.223
34.534
35.32
35.947
36.205
36.153
36.126
36.126
36.126
36.126
36.126
36.126
36.126
36.123
36.144
36.159
36.238
36.988
38.062
38.58
38.412
38.196
37.879
37.725
37.569
37.364
37.11
37.064
37.065
37.065
37.065
37.065
37.065
37.065
37.061
37.059
36.965
36.192
34.741
33.272
32.02
32.909
34.124
34.983
35.509
35.759
35.93
36.175
36.32
36.362
36.363
36.364
36.365
36.366
36.365
36.364
36.33
36.253
36.138
35.896
35.511
34.656
33.63
32.865
32.117
30.802
28.565
25.833
22.7
19.884
19.297
19.067
18.827
18.662
18.544
18.511
18.538
19.008
20.044
21.627
22.988
23.277
23.42
23.664
24.039
24.181
24.169
24.123
23.996
23.859
23.677
23.596
23.628
23.671
23.723
23.887
24.078
24.164
24.279
23.792
23.578
23.759
23.714
23.417
22.859
22.609
22.482
22.421
22.42
22.43
22.421
22.415
22.409
22.405
22.399
22.387
22.325
22.073
21.739
21.607
21.594
21.3
20.831
20.361
19.423
17.638
15.349
13.146
10.874
7.9532
5.573
5.1106
5.1273
5.2143
4.8999
4.8285
4.8526
4.8942
4.9587
5.0591
5.2434
5.2919
5.3123
5.2932
5.2151
5.2047
5.2355
5.251
5.2648
5.2604
5.298
5.3523
5.3559
5.431
5.4098
5.3683
5.3472
5.266
5.1684
5.0758
5.0714
5.1221
5.1348
5.3263
5.652
5.7315
5.8233
5.9817
6.0071
6.0077
6.0584
6.1465
6.295
6.6324
6.8532
7.0063
7.1403
7.2143
7.2599
7.347
7.5478
7.6942
7.9305
8.2226
8.2563
8.3392
8.2703
8.2095
8.2414
8.1942
8.189
8.1701
8.113
8.0727
8.1658
8.0959
8.0092
8.0066
8.0618
8.047
7.9879
7.9014
7.4975
7.1784
7.022
6.9558
6.9022
6.8028
6.8253
6.8548
6.9199
7.0386
7.0031
6.9974
6.8556
6.7779
6.8073
6.8418
6.8047
6.9654
7.0878
7.133
7.2216
7.3584
7.4934
7.5713
7.6964
7.9405
8.016
8.0384
8.0257
8.0005
8.0318
7.9575
7.8959
7.8438
7.8236
7.771
7.6172
7.5805
7.6266
7.6928
7.741
7.6862
7.717
7.7093
7.5681
7.3676
7.2405
7.1379
6.9323
6.7753
6.935
7.4101
7.7089
7.7587
10.723
15.027
17.733
20.792
22.75
23.518
24.066
24.228
24.28
25.692
28.154
28.84
29.287
29.469
29.575
29.603
29.614
29.617
29.629
29.664
29.706
29.725
29.715
29.6
29.707
30.299
30.81
31.267
31.72
31.801
31.466
31.161
31.014
31.439
32.335
33.517
34.315
34.578
34.776
35.045
35.172
35.214
35.217
35.224
35.211
35.143
35.037
34.83
34.477
34.266
34.26
34.355
34.337
34.163
33.94
33.847
33.094
32.059
31.12
30.441
30.41
30.521
30.538
30.569
30.566
30.56
30.559
30.559
30.582
30.649
30.551
30.228
29.52
29.328
28.946
28.968
31.123
33.642
35.871
37.694
38.517
38.708
38.733
38.728
38.728
38.729
38.734
38.775
38.851
38.932
39.031
39.098
39.136
39.145
39.152
39.138
38.797
38.354
38.092
37.168
35.748
33.69
31.641
30.763
30.643
30.602
30.581
30.464
30.196
29.756
28.55
27.374
26.163
25.31
25.331
25.59
25.892
26.247
26.954
27.558
27.438
27.418
27.851
28.863
29.389
29.69
30.331
30.995
31.096
31.099
31.098
31.096
31.438
32.314
33.367
34.094
34.345
34.803
35.31
35.58
36.116
36.713
36.941
37.057
37.156
37.193
37.268
37.292
37.301
37.314
37.321
37.322
37.321
37.306
37.254
36.827
36.569
36.454
36.31
36.06
35.051
34.43
34.337
34.165
33.682
32.786
31.842
31.056
30.326
29.897
29.781
29.823
30.076
30.151
30.297
30.239
30.098
29.928
29.8
29.635
29.376
29.289
29.099
28.888
28.676
28.58
28.64
28.926
29.248
30.005
30.554
31.557
31.866
31.873
31.909
31.934
31.936
31.936
31.936
31.936
31.936
31.936
31.936
31.936
31.923
31.85
31.612
31.11
30.668
30.118
29.034
26.932
25.037
23.595
19.342
15.126
12.978
10.071
8.2765
8.1874
7.7189
7.4171
7.3289
7.3783
7.4795
7.6195
7.8557
8.0165
8.1477
8.4219
8.92
9.4917
9.9724
10.227
10.282
10.339
10.33
10.337
10.344
10.376
10.401
10.376
10.366
10.374
10.365
10.378
10.384
10.32
10.262
10.057
9.8577
9.3285
8.6379
8.1475
8.0454
7.7416
7.5994
7.5522
7.6957
7.7926
7.8645
7.9716
8.04
8.0836
8.0159
7.7124
7.4964
7.4548
7.4916
7.6844
8.3116
9.7296
11.079
11.71
11.764
11.768
11.766
11.753
11.702
11.644
11.609
11.65
11.716
11.756
11.821
11.86
11.892
11.902
11.894
11.885
11.709
11.074
9.7363
8.7625
8.608
8.6052
8.674
8.9056
8.98
9.0917
9.0553
8.9199
8.6878
8.6988
8.7381
8.7648
8.809
8.9857
9.2665
9.6132
9.9913
10.355
10.592
10.623
10.606
10.552
10.471
10.383
10.339
10.32
10.293
10.266
10.204
10.168
10.13
10.057
10.013
9.9529
9.8471
9.6489
9.2675
8.6367
8.268
8.2514
8.3089
8.3523
8.3574
8.3933
8.3916
8.3181
8.1845
8.0804
8.0061
10.728
15.538
19.223
20.332
20.952
21.258
21.475
23.645
27.183
28.715
29.192
29.347
29.556
29.806
30.227
31.064
31.55
32.249
32.764
32.846
32.87
32.899
32.888
32.892
33.101
33.624
34.293
34.707
34.79
34.691
34.651
34.623
34.612
34.789
35.308
35.606
35.553
35.129
34.795
34.696
34.647
34.628
34.615
34.61
34.553
34.309
33.794
33.357
32.715
31.959
31.399
31.259
31.309
31.097
29.876
29.113
29.382
30.123
30.821
31.73
32.572
33.124
33.399
33.617
33.659
33.666
33.706
33.852
34.083
34.548
35.39
36.273
36.801
37.126
37.746
38.688
39.516
40.077
40.287
40.798
41.283
41.627
41.771
41.887
42.063
42.129
42.142
42.181
42.219
42.2
42.121
41.964
41.915
41.908
41.907
41.908
41.885
41.78
41.683
41.686
41.48
41.358
41.178
41.122
40.789
40.29
39.758
39.469
38.831
38.249
37.571
37.146
37.114
37.113
37.114
37.113
37.02
36.956
36.567
35.55
35.292
34.842
34.238
33.319
32.033
31.454
31.578
31.769
31.91
31.882
31.676
31.373
31.201
31.18
31.16
31.149
31.144
31.142
31.141
31.14
31.115
31.049
30.665
30.089
29.264
28.449
27.437
26.236
24.603
22.725
21.841
21.574
21.548
21.766
21.86
21.872
21.895
22.285
23.345
25.248
27.049
28.665
30.058
31.664
33.081
33.778
34.131
34.506
34.733
34.877
34.937
34.947
34.941
34.938
34.952
34.98
35.035
35.151
35.272
35.372
35.527
35.848
36.673
37.199
37.359
37.386
37.421
37.505
37.539
37.276
37.089
37.312
37.647
37.855
37.907
37.902
37.9
37.886
37.867
37.86
37.859
37.856
37.799
37.565
37.133
36.958
36.922
36.822
36.42
35.562
34.622
33.732
33.347
33.316
33.631
34.116
34.61
35.041
35.391
35.616
35.702
35.751
35.774
35.778
35.788
35.788
35.788
35.749
35.631
35.375
34.905
34.472
34.032
33.599
33.421
32.924
32.475
32.145
31.725
30.614
28.995
28.041
27.888
27.855
27.763
27.693
27.578
27.384
26.855
26.134
25.484
25.081
24.742
24.474
24.31
23.737
23.175
22.416
20.396
18.549
16.888
13.802
10.797
9.3505
9.2406
9.3057
9.3147
9.3108
9.3228
9.3245
9.3182
9.3007
9.1776
8.8566
8.6418
8.463
8.1987
7.8411
7.5313
7.3842
7.3721
7.3464
7.4521
7.7322
8.1995
8.1964
8.2902
8.5149
8.5111
8.4766
8.438
8.4637
8.4521
8.4462
8.3412
8.2585
8.2221
8.1905
8.1726
8.1563
8.1658
8.1476
8.0908
7.9824
7.7065
7.7709
7.9052
7.818
7.8428
7.8058
7.8026
7.8364
7.9311
8.0032
7.9798
8.012
8.023
8.1
8.1487
8.1982
8.1956
8.201
8.1994
8.2131
8.2793
8.4946
8.7709
8.9768
9.1885
9.357
9.4105
9.5604
9.7132
9.7653
9.8756
10.037
10.096
10.078
10.101
10.308
10.787
11.303
11.532
11.699
11.906
12.261
12.425
12.4
12.303
12.259
12.227
12.125
12.119
12.121
12.148
12.073
12.068
12.076
12.096
12.059
11.874
11.764
11.586
11.392
11.036
10.309
9.4928
9.0399
8.9067
8.8505
8.8065
8.8743
9.5823
10.823
12.948
15.763
17.778
19.063
19.934
24.304
30.154
33.288
34.484
35.102
35.449
35.59
35.637
35.664
35.689
35.701
35.722
35.735
35.738
35.738
35.738
35.739
35.743
35.763
35.791
35.924
36.16
36.288
37.043
37.823
38.47
38.358
38.4
38.887
39.502
39.791
39.861
39.863
39.864
39.864
39.864
39.864
39.864
39.86
39.856
39.843
39.75
39.597
39.496
39.367
38.545
37.563
36.368
34.961
33.456
33.115
32.8
32.139
31.253
30.499
30.057
29.786
29.716
29.814
29.876
29.942
29.984
30.075
30.155
30.186
30.306
30.344
30.31
30.186
29.546
29.022
28.999
28.999
28.999
29.002
29.003
29.001
28.879
28.53
28.018
27.889
29.608
33.185
35.735
37.073
38.108
38.743
39.582
39.691
39.763
39.788
39.788
39.788
39.788
39.788
39.788
39.791
39.825
39.964
40.047
40.12
40.069
39.634
39.216
39.034
38.256
37.396
36.267
35.531
34.945
34.823
34.822
34.822
34.823
34.831
34.864
34.857
34.143
33.305
32.906
32.808
32.756
32.456
31.997
31.635
31.174
30.372
30.062
30.022
30.023
30.204
31.339
31.881
32.401
32.921
33.321
33.929
34.218
34.31
34.411
34.423
34.411
34.367
34.269
34.138
34.101
34.118
34.124
34.188
34.255
34.192
34.036
33.883
33.61
33.351
32.761
31.7
31.149
30.428
29.289
28.108
27.519
27.351
27.27
27.202
27.006
26.812
26.523
25.892
25.01
24.761
24.759
24.801
25.16
25.824
26.227
26.349
25.641
25.239
25.23
25.098
24.976
24.863
24.783
24.759
24.779
24.964
25.492
25.866
26.037
27.999
31.501
34.455
36.532
37.979
38.967
39.737
40.282
40.547
40.591
40.592
40.592
40.592
40.592
40.592
40.592
40.591
40.581
40.585
40.597
40.573
40.356
39.849
39.252
38.416
37.563
36.159
34.153
31.975
29.939
27.806
26.77
26.65
26.641
26.636
26.571
26.467
26.134
25.84
25.54
24.98
24.331
23.395
22.592
23.48
25.77
26.594
26.668
26.664
26.672
26.698
26.719
26.839
26.904
26.98
27.072
27.191
27.154
27.14
27.082
27.079
27.16
27.515
27.921
27.858
27.424
26.936
26.606
26.478
27.617
29.356
31.586
33.205
33.806
33.942
34.003
34.005
34.002
34.001
34.001
34
33.996
33.937
33.869
33.78
33.674
33.644
33.643
33.628
33.46
33.119
32.008
29.879
27.516
25.267
23.001
20.908
18.858
15.578
12.236
11.308
10.702
10.129
10.074
10.046
9.9546
9.71
9.4962
9.3594
9.2467
9.1584
9.1082
9.1182
9.1676
9.3457
9.2791
9.1729
8.9689
8.8027
8.6403
8.5341
8.5019
8.464
8.3337
8.2593
8.2196
8.2043
8.0982
8.015
7.9817
7.9943
7.9416
7.8258
7.7119
7.6682
7.6722
7.6434
7.6485
7.6101
7.5343
7.3939
7.2464
7.2491
7.4647
7.7593
7.7915
7.8656
7.9702
8.3102
8.8429
9.14
9.256
9.3744
9.4892
9.4431
9.4289
9.3968
9.3666
9.4054
9.4349
9.3882
9.3226
9.2589
9.173
9.1359
9.1392
9.1487
9.1282
9.0427
8.7453
8.3612
8.2135
7.7347
7.1458
7.0316
6.8911
6.9315
6.9938
6.9597
6.8987
6.8936
6.9442
7.0408
7.0872
7.1509
7.1531
7.2397
7.3526
7.6405
8.0211
8.0942
8.1946
8.3618
8.564
8.6685
8.8972
9.0736
9.2309
9.361
9.6593
9.8475
9.9164
10.024
10.06
10.077
10.064
10.088
10.145
10.108
10.054
9.9968
9.9536
9.8143
9.7074
9.707
9.6964
9.6093
9.563
9.5029
9.2579
9.35
9.3783
9.3139
9.2354
9.1986
9.242
9.2465
9.2588
9.3161
9.4242
13.918
23.038
28.452
32.262
35.576
37.113
37.367
37.776
38.396
38.735
39.168
39.525
39.759
39.963
40.118
40.228
40.287
40.309
40.396
40.42
40.446
40.461
40.584
40.739
40.783
40.497
40.103
39.747
39.45
39.214
38.943
38.826
38.755
38.616
38.495
38.372
38.201
38.051
37.917
37.682
37.243
36.721
35.871
34.54
33.567
33.203
33.008
32.061
30.34
29.68
29.359
28.453
26.801
25.887
25.721
25.718
25.72
25.735
25.963
26.523
26.606
26.796
27.456
28.085
29.36
30.182
30.296
30.186
30.126
30.003
29.724
29.642
29.634
29.632
29.633
29.633
29.632
29.629
29.488
29.205
29.258
29.123
28.954
29.013
28.45
27.314
26.369
25.969
25.685
25.063
24.397
23.914
23.758
23.708
23.689
23.662
23.792
24.173
24.967
25.831
26.59
27.421
28.452
29.362
29.558
29.512
29.503
29.516
29.765
30.271
30.804
31.872
32.97
33.843
34.418
34.724
34.814
34.85
34.857
34.83
34.79
34.683
34.507
34.028
33.642
33.54
33.53
33.529
33.494
33.437
33.376
32.587
31.066
29.392
27.72
26.583
24.908
21.384
18.247
16.908
15.729
13.935
12.065
11.278
11.121
11.182
11.229
11.318
11.315
11.31
11.363
11.408
11.618
13.575
15.185
15.669
19.646
24.859
28.337
30.764
33.278
35.65
36.827
37.508
37.741
37.929
38.06
38.123
38.139
38.156
38.162
38.175
38.18
38.182
38.183
38.187
38.17
38.14
38.072
37.771
36.987
35.498
33.824
31.518
29.917
28.852
27.338
26.297
26.162
26.578
27.649
29.375
31.583
33.678
35.018
35.383
35.414
35.616
36.099
36.291
36.297
36.3
36.301
36.301
36.299
36.274
36.255
36.227
36.204
36.25
36.247
36.109
35.572
35.228
34.571
33.773
33.064
32.627
31.366
28.78
26.063
25.275
25.289
25.309
25.327
25.341
25.343
25.34
25.15
23.648
24.374
26.182
27.104
27.376
27.279
27.221
27.332
27.513
27.649
27.723
27.755
27.747
27.738
27.728
27.713
27.71
27.71
27.709
27.712
27.74
27.349
26.183
24.698
23.674
23.244
23.208
23.588
23.747
24.212
24.94
25.241
25.389
25.418
25.42
25.429
25.535
25.796
26.035
26.326
26.485
26.565
26.736
26.868
26.87
26.9
27.247
27.945
28.24
28.109
28.087
28.038
28.107
28.324
29.091
30.366
31.306
31.402
31.508
31.523
31.48
31.393
31.316
31.348
31.65
31.986
32.082
32.148
32.22
32.288
32.226
32.153
32.167
32.499
33.403
33.812
33.891
34.075
34.02
34.043
34.061
34.08
34.105
34.093
34.018
33.883
33.797
33.677
33.485
33.147
33.025
33.017
33.017
33.1
32.962
33.208
32.546
31.616
31.223
31.169
31.135
31.169
31.154
31.135
31.128
31.121
31.116
31.124
31.202
31.356
31.445
31.466
31.466
31.393
31.163
30.624
29.916
29.398
29.328
29.732
30.364
30.875
31.258
31.262
31.264
31.267
31.274
31.267
31.207
31.086
30.996
30.955
30.929
30.902
30.881
30.878
30.863
30.512
30.039
28.881
28.133
27.493
25.964
24.163
23.067
22.264
21.197
19.963
18.406
16.539
14.672
13.637
13.28
13.145
12.958
12.888
12.874
12.9
12.998
13.047
13.19
13.335
13.614
13.761
13.82
13.571
13.505
13.626
13.786
13.909
14.131
14.327
14.362
14.347
14.302
14.277
14.262
14.261
14.221
14.084
13.881
13.687
13.222
12.929
12.777
12.636
12.53
12.298
11.957
11.617
10.966
10.075
9.704
9.5938
10.044
10.376
10.358
10.275
10.506
10.646
10.761
10.932
10.984
11.063
11.135
11.221
11.316
11.388
11.379
11.381
11.382
11.409
11.482
11.473
11.344
11.284
11.264
11.076
10.684
10.327
10.235
10.257
10.321
10.406
10.449
10.49
10.901
11.134
11.308
11.471
11.756
11.953
12.001
12.019
11.988
11.977
11.983
11.985
11.98
11.921
11.837
11.789
11.794
11.814
11.706
11.479
11.373
11.378
11.351
11.314
11.241
11.153
11.144
11.164
11.163
11.191
11.212
11.289
11.325
11.367
11.406
11.408
11.285
11.154
10.992
10.908
10.928
10.968
10.845
10.866
10.958
11.135
11.221
11.238
11.017
10.541
10.127
9.7272
9.4772
9.4281
9.4891
9.5683
9.9189
11.356
13.957
16.447
19.152
21.149
22.507
23.631
24.59
25.217
25.807
26.597
27.038
27.409
27.968
28.741
28.973
29.061
29.091
29.096
29.113
29.18
29.29
29.344
29.327
29.281
29.223
29.138
29.002
28.891
28.665
28.542
28.345
27.971
27.147
25.768
24.65
23.386
22.018
21.435
21.397
21.403
21.002
20.675
20.707
20.802
21.726
21.956
21.846
21.771
23.133
26.137
29.137
31.626
33.24
34.11
34.749
34.851
34.912
34.912
34.915
34.927
34.968
34.975
34.973
34.97
34.927
34.915
34.915
34.915
34.902
34.851
34.662
34.187
33.16
32.209
31.352
30.799
30.382
29.636
29.152
28.763
26.8
24.07
23.298
24.032
24.661
24.422
24.704
25.288
25.924
26.627
27.756
28.878
29.6
31.084
32.787
33.271
33.625
33.862
33.873
33.87
33.867
33.866
33.864
33.854
33.827
33.808
33.931
34.142
34.061
34.015
33.914
33.825
33.723
32.763
31.293
30.192
28.892
27.439
26.995
27.009
27.035
27.091
27.131
27.159
27.184
27.146
25.681
23.811
23.166
22.769
22.512
22.209
21.834
21.676
21.63
21.52
21.247
20.786
20.282
19.735
18.98
18.062
17.091
16.135
15.224
14.408
13.793
13.48
13.3
12.89
12.577
12.408
12.176
13.553
17.256
20.009
21.694
22.373
22.761
23.022
23.258
23.619
24.322
25.498
26.831
27.921
29.587
31.775
34.251
35.614
36.084
36.13
36.137
36.138
36.145
36.135
36.116
36.107
36.083
36.065
36.064
36.071
36.098
36.143
36.12
36.038
35.819
35.27
34.357
33.36
31.509
29.493
28.276
27.709
27.568
27.607
27.669
27.797
27.941
28.031
28.126
28.215
28.259
28.303
28.584
29.061
29.179
28.936
28.502
27.919
27.249
26.788
26.524
26.365
26.288
26.269
26.257
26.241
26.202
26.103
26.004
25.93
25.885
25.807
25.315
23.291
20.115
20.465
21.851
23.757
26.397
29.267
31.217
31.941
32.363
32.73
33.124
33.203
33.275
33.295
33.295
33.295
33.295
33.29
33.285
33.279
33.278
33.251
33.208
33.206
33.077
32.205
31.338
30.645
29.716
28.555
26.896
25.808
25.075
25.845
26.042
26.069
26.271
26.298
26.385
26.493
26.845
27.401
27.508
27.559
27.582
28.56
29.755
30.05
30.276
30.584
30.692
30.733
30.712
30.289
30.254
30.248
30.243
30.243
30.242
30.241
30.23
30.19
30.155
30.035
29.826
29.743
29.011
27.77
25.884
23.455
20.968
18.869
16.183
12.693
9.8237
9.1029
8.6561
8.4961
8.5015
8.6432
8.6706
8.6472
8.4755
8.3785
8.3224
8.3465
8.3558
8.2496
8.2564
8.3054
8.2966
8.3299
8.4086
8.4485
8.4413
8.3507
8.3487
8.4044
8.281
8.1851
8.133
8.1142
8.1253
8.15
8.1175
7.9681
7.899
7.8796
7.8138
7.7865
7.7051
7.7954
8.1062
8.4548
8.6119
8.6327
8.579
8.6613
8.7714
9.0853
9.3563
9.4132
9.4646
9.4628
9.4649
9.4854
9.5661
9.8301
10.04
10.231
10.598
11.061
11.294
11.369
11.6
11.859
12.327
12.661
13.171
13.379
13.44
13.457
13.47
13.533
13.666
13.707
13.767
13.976
14.093
14.187
14.139
14.057
14.056
13.988
13.9
13.794
13.727
13.456
12.851
12.423
12.297
12.324
12.365
12.377
12.369
12.375
12.298
12.164
12.036
11.842
11.603
11.432
11.344
11.306
11.249
11.105
10.879
10.825
10.763
10.74
10.698
10.591
10.635
10.64
10.627
10.524
10.388
10.354
10.452
10.555
10.67
10.661
10.836
10.961
11.105
11.234
11.443
11.771
11.841
11.875
12.065
12.281
12.426
12.529
12.609
12.712
13.277
15.765
18.33
20
22.093
23.243
23.832
24.736
25.712
26.293
27.404
27.871
28.133
28.312
28.443
28.456
28.472
28.477
28.472
28.462
28.457
28.454
28.452
28.451
28.443
28.626
29.777
31.32
32.718
33.767
34.323
34.559
34.708
34.895
35.368
36.001
36.754
37.407
37.88
38.012
38.037
38.05
38.065
38.074
38.075
38.073
38.052
37.979
37.872
37.738
37.545
37.119
36.506
35.935
35.498
34.892
33.875
32.757
31.881
31.47
31.061
30.197
29.21
28.185
27.675
26.856
25.324
24.039
23.529
26.773
30.674
33.75
36.073
37.137
37.303
37.323
37.332
37.337
37.337
37.336
37.337
37.342
37.344
37.334
37.324
37.319
37.316
37.316
37.31
37.104
36.826
36.99
36.885
35.808
34.735
34.196
33.863
33.756
33.754
33.754
33.762
33.767
33.772
33.781
33.791
33.804
33.858
33.96
34.009
34.005
33.492
32.063
30.609
29.811
29.183
28.925
29.16
29.54
29.764
29.835
30.139
30.507
30.806
30.958
31.3
31.63
31.736
31.681
31.639
31.642
31.648
31.646
31.513
31.489
31.462
31.458
31.407
31.342
30.977
30.548
30.357
30.12
29.687
28.955
27.626
25.478
23.808
22.408
19.719
19.045
18.998
18.974
18.974
18.98
19.01
19.051
19.051
18.923
18.455
16.808
14.99
14.317
14.106
14.358
15.331
16.975
17.915
18.122
18.271
18.458
18.562
18.591
18.59
18.584
18.564
18.538
18.521
18.507
18.501
18.507
18.508
18.477
18.412
18.231
18.065
17.821
16.934
15.292
13.153
10.961
9.7967
9.3788
9.321
9.3252
9.2872
9.1725
9.2147
9.3097
9.3127
9.5156
9.8102
10.778
12.161
13.192
14.142
15.17
15.879
16.724
17.173
19.343
24.665
28.253
31.162
33.617
35.885
37.39
38.126
38.356
38.39
38.417
38.43
38.493
38.531
38.555
38.574
38.583
38.585
38.585
38.585
38.584
38.571
38.447
38.194
37.654
36.358
34.326
32.269
30.974
30.341
30.296
30.377
30.194
30.146
30.133
30.096
30.103
30.117
30.127
30.135
30.143
30.143
30.133
30.114
30.094
30.015
29.515
28.6
27.423
26.303
25.118
24.109
23.233
22.392
21.539
21.076
20.815
20.446
19.973
20.373
21.128
22.16
23.298
24.455
26.028
27.246
28.023
28.826
30.007
31.187
31.851
32.019
32.059
32.067
32.073
32.077
32.111
32.251
32.432
32.609
32.867
33.096
33.261
33.292
33.188
33.194
33.128
32.94
32.34
31.477
30.654
30.304
30.931
32.362
33.44
34.25
34.377
34.512
34.72
34.814
34.783
34.709
34.648
34.58
34.497
34.413
34.226
33.982
33.85
33.776
33.786
34.005
34.691
35.601
36.399
37.046
37.751
38.015
37.795
37.805
37.746
37.736
37.786
37.849
37.92
37.994
38.055
38.088
38.092
38.092
38.092
38.092
38.083
37.929
37.846
37.802
37.123
36.141
35.187
34.276
33.678
33.027
32.483
32.055
31.489
30.795
30.14
29.771
29.998
30.672
31.599
32.365
33
33.221
33.225
33.239
33.206
33.094
32.902
32.654
32.442
32.268
32.061
31.762
31.432
31.373
31.368
31.269
31.019
30.446
29.459
29.531
29.596
29.313
29.014
28.547
28.13
27.736
27.661
27.655
27.746
27.811
27.891
27.991
28.186
28.459
28.61
28.686
28.766
28.776
28.748
28.562
28.318
28.055
27.912
27.801
27.699
27.66
27.468
27.481
27.774
28.327
28.737
29.176
29.205
29.361
29.565
29.622
29.728
29.878
30.323
30.648
30.989
31.494
31.742
32.013
32.116
32.178
32.59
33.09
33.44
33.745
33.911
33.841
33.808
33.785
33.692
33.634
33.573
33.419
33.205
33.012
32.473
31.738
31.085
30.661
30.539
30.519
29.967
29.394
28.912
27.269
25.579
24.917
24.578
24.487
24.399
24.335
24.129
23.792
23.472
23.087
23.206
23.595
24.078
24.261
24.258
24.221
24.163
24.083
23.587
23.147
23.467
25.37
27.28
28.298
29.105
29.512
29.675
29.847
30.133
30.322
30.493
30.667
30.657
30.637
30.638
30.645
30.648
30.653
30.649
30.637
30.623
30.435
30.401
30.473
30.89
30.948
30.748
30.429
30.342
30.623
31.24
31.548
31.596
31.605
31.618
31.622
31.622
31.619
31.619
31.619
31.619
31.619
31.618
31.543
31.504
31.458
31.256
31.167
31.454
31.782
31.771
31.764
32.803
33.851
34.325
34.676
34.817
34.849
34.85
34.851
34.851
34.851
34.85
34.813
34.683
34.666
34.664
34.646
34.457
34.21
33.999
33.733
32.767
31.274
29.846
28.684
28.117
29.971
31.823
32.894
34.215
35.233
35.996
36.571
37.21
37.476
37.514
37.519
37.52
37.52
37.519
37.52
37.52
37.52
37.51
37.483
37.465
37.237
36.801
36.297
35.525
34.678
33.813
33.316
31.408
29.413
28.797
28.763
28.759
28.76
28.756
28.75
28.745
28.737
28.735
28.735
28.735
28.735
28.735
28.696
28.412
27.895
26.975
24.695
22.691
21.164
19.946
18.716
17.4
15.17
13.122
11.274
9.6689
9.1042
9.0722
8.8803
8.9107
9.0364
9.1875
9.4373
9.4775
9.4725
9.3814
9.3293
9.3059
9.2961
9.2845
9.2871
9.2916
9.2607
9.2072
9.0878
8.9685
8.8101
8.5504
8.4515
8.4986
8.4102
8.0502
7.6424
7.3945
7.2518
7.2087
7.243
7.3862
7.597
7.641
7.5995
7.5528
7.7768
8.0083
8.3105
8.6849
8.7402
8.7502
8.7155
8.6849
8.6192
8.5898
8.481
8.4115
8.3422
8.3484
8.3261
8.231
8.1097
8.1005
8.0982
8.0978
7.9862
7.9717
8.0332
8.0555
7.6877
7.5413
7.4753
7.4202
7.4568
7.4957
7.494
7.4998
7.4889
7.522
7.6669
7.7095
7.6663
7.6831
7.8208
7.8272
7.7941
7.7955
7.3249
7.0595
7.1053
7.1135
7.0917
7.1058
7.1219
7.2021
7.261
7.3858
7.4839
7.4041
7.4154
7.4699
7.5097
7.6742
7.6588
7.6503
7.6996
7.6828
7.7145
7.6611
7.6489
7.6639
7.7017
7.8698
8.3317
8.7367
8.7547
8.7728
8.8089
8.8354
8.8486
8.9017
8.8924
8.7531
8.7259
8.7027
8.7404
8.7677
8.8367
8.9889
9.196
9.4158
9.6806
9.8841
9.9853
10.11
10.228
10.29
10.333
11.463
14.283
16.247
17.682
18.44
18.907
19.619
20.27
20.833
21.163
21.498
21.855
22.267
22.637
22.958
23.349
23.58
23.613
23.614
23.612
23.608
23.607
23.606
23.694
25.817
29.327
31.742
33.262
34.348
35.196
35.78
36.163
36.446
36.794
37.056
37.217
37.357
37.452
37.508
37.565
37.636
37.644
37.644
37.644
37.586
37.38
37.033
36.87
36.777
36.628
36.311
35.969
35.622
35.291
34.692
34.208
34.202
34.463
34.614
34.651
34.471
34.239
34.17
34.161
34.164
34.149
34.091
33.945
33.545
33.186
32.838
32.14
30.871
30.418
30.413
30.367
29.518
27.43
25.214
23.239
21.406
19.449
18.056
17.452
16.683
15.9
15.19
14.899
15.214
15.819
17.624
19.438
20.442
20.793
20.978
21.066
21.247
21.72
22.3
23.083
23.776
24.256
25.145
25.856
26.059
26.252
26.677
27.238
27.391
27.615
27.911
28.635
28.704
28.85
28.832
28.82
28.816
28.808
28.855
29.038
29.173
29.289
29.396
29.715
30.082
30.48
30.819
30.755
30.707
30.651
30.446
30.039
29.756
29.674
29.723
29.774
29.796
29.801
29.799
29.742
29.749
29.927
30.334
30.851
31.519
32.169
32.27
32.307
32.627
32.948
33.106
33.102
33.083
33.074
33.061
33.057
33.091
33.16
33.254
33.344
33.489
33.586
33.588
33.519
33.299
32.981
32.653
32.285
31.548
30.57
29.625
28.992
28.595
28.454
28.376
28.368
28.381
28.32
28.125
28.003
28.01
28.02
27.941
27.716
27.396
26.875
26.094
25.499
25.164
24.634
23.859
23.122
22.21
21.714
21.557
21.341
21.195
21.18
21.161
21.128
21.029
20.73
20.179
19.394
19.403
20.982
23.21
26.464
29.443
31.357
32.609
33.674
34.165
34.416
34.784
35.107
35.376
35.53
35.57
35.573
35.575
35.576
35.577
35.576
35.571
35.565
35.549
35.515
35.37
34.785
33.86
32.881
31.925
30.827
29.275
27.43
24.626
20.238
17.269
16.686
16.712
16.839
16.908
17.299
17.824
17.831
17.983
18.729
19.256
19.437
19.549
19.72
20.028
20.795
21.717
22.896
23.543
23.983
24.105
24.116
24.114
24.098
24.065
23.959
23.921
24.016
24.079
24.115
24.073
24.18
24.253
24.271
24.274
24.133
23.692
23.02
22.778
22.574
22.389
22.263
22.123
21.894
21.689
21.483
21.032
20.469
19.774
19.007
18.041
16.641
14.906
13.085
9.5485
7.0623
6.6551
6.5715
6.6364
6.7121
6.7418
6.756
6.7707
6.7035
6.671
6.6811
6.93
7.2637
7.492
7.5596
7.6605
7.6923
7.7858
8.5197
12.299
15.134
19.508
22.346
24.77
27.988
29.816
31.311
32.132
32.324
32.378
32.421
32.47
32.504
32.509
32.521
32.531
32.539
32.542
32.543
32.542
32.541
32.5
32.451
32.436
31.558
30.724
29.868
29.609
29.367
29.002
28.413
27.614
26.963
26.551
26.025
25.033
24.845
25.259
25.554
25.723
26.018
26.103
26.143
26.172
26.185
26.188
26.037
25.788
25.593
25.396
25.316
25.297
25.275
25.217
25.218
26.212
27.396
27.911
28.449
28.798
29.207
29.58
29.656
29.7
29.872
30.012
30.22
30.244
30.229
30.207
30.186
30.177
30.173
30.156
30.093
29.718
29.329
28.966
28.58
28.21
28.345
28.089
27.684
27.363
26.831
27.089
27.109
27.033
26.886
26.916
26.975
27.017
27.112
27.174
27.251
27.338
27.367
27.372
27.371
27.342
27.059
26.675
26.443
26.237
25.932
24.064
21.927
21.126
21.026
20.735
20.483
20.282
19.932
20.888
22.406
22.782
23.145
23.571
23.821
24.45
25.582
27.03
27.452
27.622
27.693
27.763
27.811
27.875
27.902
27.906
27.907
27.906
27.9
27.753
27.468
27.278
27.176
27.159
27.135
26.968
26.249
24.799
23.544
22.954
22.855
22.653
22.297
21.601
21.438
22.122
22.911
23.871
24.489
25.063
25.674
27.248
28.603
28.847
28.882
28.879
28.88
28.961
29.566
30.926
31.683
32.097
32.667
32.877
33.046
33.107
33.284
33.652
33.696
33.678
33.622
33.516
33.338
33.792
34.82
35.63
36.027
36.166
36.184
36.136
36.023
35.91
35.705
35.543
35.447
35.366
34.915
34.289
34.089
34.077
34.047
33.938
33.809
33.383
32.369
31.237
30.052
28.734
28.021
27.538
26.965
26.246
25.396
25.249
25.515
26.004
26.302
26.566
26.615
26.585
26.559
26.561
26.573
26.615
26.616
26.599
26.547
26.333
26.2
26.042
25.778
25.898
26.705
27.798
28.355
28.667
28.753
28.693
28.693
28.901
28.99
29.101
29.216
29.31
29.371
29.451
29.525
29.56
29.563
29.563
29.563
29.529
29.254
28.617
27.663
26.729
25.851
25.279
24.504
23.464
22.76
22.395
22.016
21.24
20.198
18.729
15.905
12.566
12.342
12.815
13.136
13.291
13.342
13.37
13.306
13.106
13.041
13.038
12.954
12.755
12.553
12.415
12.277
12.222
12.189
12.193
12.315
12.385
12.271
12.18
12.264
12.206
12.153
12.141
12.091
12.075
12.067
12.047
12.027
12.037
12.017
11.97
11.974
11.792
11.795
11.815
11.821
11.603
11.186
10.721
10.192
9.9857
9.7948
9.5969
9.6087
9.6113
9.6385
9.6289
9.5925
9.5794
9.6056
9.6207
9.5594
9.4717
9.2947
9.0927
8.8591
8.6327
8.4941
8.5618
8.8826
9.2086
9.4998
9.8207
10.12
10.348
10.333
10.355
10.411
10.487
10.606
10.818
10.897
10.938
11.041
11.056
11.101
11.133
11.093
11.108
11.082
11.014
10.971
10.743
10.58
10.327
10.299
10.325
10.541
10.68
10.81
10.721
10.678
10.542
10.51
10.443
10.338
10.287
10.234
10.173
10.058
10.073
10.089
10.125
10.16
10.192
10.188
10.155
9.9656
9.7838
9.8909
9.9966
10.057
10.271
10.413
10.522
10.633
10.772
10.901
11.156
11.363
11.606
11.69
11.732
11.81
11.873
11.932
11.934
11.987
12.046
12.03
12.034
12.026
12.161
12.295
12.426
12.44
12.42
12.419
12.329
12.174
12.18
12.239
12.224
12.132
12.072
12.075
12.061
11.997
11.92
11.861
11.792
11.689
11.414
11.057
10.792
10.552
10.3
10.09
9.7929
9.6003
9.3872
9.0158
9.0325
9.077
9.0633
9.0699
9.1902
9.537
11.826
17.21
20.851
21.613
21.863
22.425
26.276
30.613
33.956
36.159
37.423
37.746
37.83
37.999
38.018
38.018
38.019
38.021
38.031
38.057
38.082
38.088
38.078
38.074
38.074
38.087
37.962
37.615
37.2
37.074
36.74
36.464
36.345
36.042
35.612
35.355
34.948
34.194
33.087
32.42
32.75
33.01
33.89
34.817
35.486
35.997
36.354
36.485
36.418
36.345
36.281
36.241
36.195
36.135
36.052
36.049
36.123
36.231
36.326
36.306
36.173
35.993
35.534
34.86
34.135
33.311
31.999
30.945
30.381
30.287
30.301
30.342
30.399
30.432
30.395
30.123
29.414
27.965
26.192
25.401
27.894
30.088
31.645
32.724
33.259
33.651
33.898
34.159
34.492
34.87
35.208
35.283
35.257
35.239
35.241
35.241
35.243
35.243
35.245
35.216
35.037
34.742
34.641
34.429
34.488
34.62
34.813
34.806
34.602
34.308
34.085
33.736
33.483
33.25
32.965
32.623
32.445
32.502
32.619
32.703
32.763
32.807
32.83
32.847
32.902
32.957
33.142
33.02
32.775
32.195
31.205
30.415
29.668
29.284
29.199
29.193
29.195
29.193
29.188
29.139
29.079
29.003
29.134
30.699
32.636
33.434
33.631
33.624
33.703
33.708
33.708
33.708
33.703
33.701
33.701
33.701
33.704
33.702
33.7
33.695
33.692
33.688
33.553
32.519
31.003
29.39
28.534
28.077
27.892
29.476
31.495
32.654
33.182
33.468
33.539
33.64
33.782
33.822
33.862
33.927
34.017
34.144
34.32
34.387
34.391
34.33
34.098
34.269
34.459
34.435
33.955
33.338
32.948
32.805
32.776
32.734
32.662
32.605
32.531
32.406
32.236
31.97
31.568
31.398
31.224
30.883
30.117
29.175
28.422
26.985
24.775
22.523
22.609
24.57
26.191
27.488
28.136
28.452
28.738
28.904
29.033
29.083
29.097
29.162
29.467
29.836
29.965
30.054
30.091
30.143
30.176
30.231
30.19
30.074
29.755
29.368
28.993
28.807
28.563
28.517
28.58
28.776
28.968
29.033
28.608
28.095
27.68
27.422
27.32
27.263
27.231
27.147
27.097
26.994
26.895
26.793
26.675
26.353
25.884
25.103
24.324
23.688
22.533
20.183
17.77
15.683
14.408
13.355
12.834
12.415
11.57
10.869
10.581
10.32
10.203
10.154
10.136
10.061
10.047
10.047
10.019
10.035
10.095
10.126
10.204
10.244
10.167
10.072
10.011
9.9622
9.8261
9.6519
9.5212
9.3446
9.2192
9.1925
9.1532
9.2153
9.1379
9.0617
9.0374
8.8079
8.4959
8.2404
7.9251
7.6573
7.6089
7.5389
7.526
7.5827
7.641
7.7021
7.7959
7.8398
7.7851
7.8142
7.9155
7.9716
8.0013
7.9516
7.942
7.942
7.942
7.942
7.942
7.942
7.942
7.942
7.942
7.942
